0 管理员 B21150000 123456
1 赵宇豪 B21150124 123456
2 李小强 2014101 123456
3 王妮娜 2014102 123456
4 李红飞 2014103 123456
5 王大明 2014104 123456
6 陈飞霞 2014105 123456
7 李成刚 2014106 123456
8 钟环丽 2014107 123456
9 谢卫翔 2014108 123456
10 吴卫国 2014109 123456
11 程思思 2014110 123456
12 邹爱国 2014111 123456
13 曹宝清 2014112 123456
14 卢新阳 2014113 123456
15 王大凯 2014114 123456
16 王福利 2014115 123456
17 李强 2014001 123456
18 王娜 2014002 123456
19 李飞 2014003 123456
20 王小明 2014004 123456
21 陈小霞 2014005 123456
22 李玉刚 2014006 123456
23 钟丽丽 2014007 123456
24 谢飞翔 2014008 123456
25 吴胜利 2014009 123456
26 程思青 2014010 123456
27 邹安邦 2014011 123456
28 曹思青 2014012 123456
29 卢永祥 2014013 123456
30 王凯 2014014 123456
31 王胜利 2014015 123456
32 李珊 2014016 123456
33 魏星 2014017 123456
34 史东 2014018 123456
35 谢喜莲 2014019 123456
36 鲁迪 2014020 123456
37 程长喜 2014021 123456
38 齐莉莉 2014022 123456
39 何正明 2014023 123456
40 赵祥海 2014024 123456
41 卢志胜 2014025 123456
42 谢喜贤 2014026 123456
43 邹安青 2014027 123456
44 蔡飞翔 2014028 123456
45 吴东升 2014029 123456
46 李建军 2014030 123456